1.0
0.7693888545036316
1.0
0.5528876781463623
0.6795362234115601
0.6599426865577698
0.6830170154571533
0.6520484685897827
0.39962854981422424
0.6130839586257935
9.181538992405112e-35
0.634871780872345
0.6866745948791504
0.6511643528938293
0.5129351615905762
0.0
0.6412127614021301
0.7023598551750183
0.18159432709217072
0.6864716410636902
0.7163839340209961
0.9803299903869629
8.713228991467669e-19
0.2949426770210266
0.6954142451286316
1.0
0.9135167002677917
0.0
0.9687361717224121
1.0
0.7482680678367615
0.839519739151001
1.0
0.9160729050636292
0.8286499977111816
1.0
0.6938381791114807
2.396767159740243e-11
3.1190475645891446e-37
1.0
0.750119686126709
0.4213297665119171
0.661426842212677
1.0
0.6010888814926147
1.0
0.6650278568267822
0.5748277902603149
0.7043855786323547
0.5821484923362732
0.6797481775283813
0.10120168328285217
0.6483136415481567
5.449208792529525e-12
0.6407710909843445
3.358298750200106e-09
0.45117315649986267
2.207435490831589e-16
0.7725290060043335
5.313555107022694e-08
1.0
0.5619001984596252
0.7427195906639099
9.675653700469411e-08
0.8078979253768921
0.7513441443443298
0.614829957485199
0.6659858822822571
0.7907188534736633
0.6945074796676636
0.8659344911575317
1.0
0.6505789160728455
1.0
0.634753406047821
0.8244903683662415
0.8899260759353638
0.5660755038261414
1.1911547233347608e-22
0.9646480083465576
0.5977967381477356
1.0
0.7645553350448608
0.0
1.0
1.0
0.3973008692264557
9.50929940801877e-14
0.626512885093689
0.4719841778278351
1.0
0.9203919768333435
0.7922157049179077
0.6511256694793701
0.9965019226074219
0.2958870232105255
0.3527487516403198
0.8108422160148621
1.0
0.6717086434364319
0.801457941532135
1.0
2.622336360484187e-37
5.327237015297565e-22
1.0
0.5981490015983582
0.5201876759529114
0.6018089056015015
0.9242441654205322
0.6468110680580139
0.2939647138118744
1.0
0.9536616206169128
0.6075721979141235
0.906807541847229
1.0
0.46588408946990967
0.8610861897468567
1.0
0.9681498408317566
1.0
1.4582657455707027e-13
0.9863792657852173
0.6478899121284485
0.44191184639930725
0.7527902126312256
0.7179245352745056
1.0
0.5188680291175842
0.6191924810409546
1.090982417118391e-14
0.6351665258407593
1.0
0.6441699862480164
0.9130969643592834
1.0
8.659644663566723e-07
1.0
1.0
0.606472373008728
0.4217572808265686
1.0
0.6916594505310059
1.2542341112872482e-21
0.5894391536712646
1.0
1.0
0.7526102662086487
6.935139936103951e-06
0.6540898084640503
1.0
0.47200995683670044
1.0
0.5651191473007202
0.7258080840110779
0.34387895464897156
0.842515230178833
0.32607054710388184
0.5387680530548096
0.6283087730407715
0.6471553444862366
0.7865635752677917
1.0
1.0
1.0
1.0
1.0
5.4019421179057545e-14
0.5734538435935974
0.8121822476387024
0.9001582264900208
1.0
0.9999420642852783
0.7004342079162598
0.4134111702442169
0.9930498600006104
0.6448990106582642
1.0
0.6656327843666077
0.7551286220550537
0.6240333318710327
0.9828292727470398
1.0
0.6153863072395325
0.7242763042449951
1.0
0.8743966221809387
0.9997918009757996
0.6866649389266968
0.890203058719635
1.0
0.6954646706581116
0.727081835269928
0.6516902446746826
0.7819423675537109
0.679588794708252
2.950066035595856e-18
1.0
1.0
0.6255369186401367
1.0
0.8745917081832886
0.6653297543525696
0.8763176202774048
0.641556978225708
1.0
1.0
5.060667210682988e-37
0.8920267820358276
5.060520381598084e-19
1.0
0.6592456102371216
1.0
0.49343326687812805
0.6029202342033386
0.6527892351150513
0.5479409098625183
0.30461326241493225
0.0009808532195165753
0.2491811215877533
9.798941121089355e-26
0.7126352787017822
8.61492026160704e-06
1.0
0.7388866543769836
1.0
0.9998655319213867
0.7765052318572998
8.376464301825948e-25
0.6650561094284058
1.0
0.5201876759529114
0.6637477874755859
0.6609494686126709
5.974713779277607e-12
0.9137184619903564
0.7104877233505249
1.0
0.8829042911529541
0.8359614610671997
1.0
0.8212365508079529
0.6383458971977234
1.0
0.9335501194000244
1.0
1.0
0.5357397198677063
0.5413411259651184
0.6280657649040222
0.10355130583047867
0.7140522003173828
1.0
1.0
0.7008964419364929
1.0
8.469027021773286e-26
0.6221785545349121
6.7607238099837045e-28
1.2378591726082266e-36
6.748445163161999e-17
2.403436998033026e-11
0.6398628950119019
0.438658744096756
0.9921602606773376
0.37058690190315247
1.0
0.6664074063301086
0.6470817923545837
0.5869229435920715
0.7202768325805664
0.6636041402816772
1.0
1.0
0.5827277898788452
0.742152988910675
0.7656881213188171
1.0
0.9137614369392395
0.94182950258255
0.6378411054611206
1.0
0.6567093133926392
1.0
0.5201876759529114
0.9967923760414124
0.5494753122329712
0.6572204232215881
0.5162359476089478
0.6202083230018616
1.0
0.4761033058166504
1.0
0.996658444404602
0.6934859156608582
3.1055874852362906e-35
0.6615362763404846
0.5702180862426758
1.0
0.7596641182899475
1.0
0.8763177990913391
1.0
6.18191617691249e-38
1.3319922242758596e-35
0.7956239581108093
0.4955689013004303
1.0
0.3623134195804596
0.5988126397132874
0.26843133568763733
0.9703004360198975
0.9926279187202454
0.5651763677597046
0.5818471312522888
1.0
0.7211620807647705
0.798340380191803
0.7320104241371155
0.652173638343811
0.8210763931274414
1.0
0.7029721140861511
1.3027670717646252e-18
1.0
1.0
1.0
2.3961309208177178e-23
0.0
0.6002200245857239
1.0
1.0
0.7581570148468018
0.5504206418991089
0.6368710398674011
0.9998062252998352
0.8434959053993225
1.0
0.8486454486846924
0.7705939412117004
0.5805419683456421
1.0
0.0
0.6049138903617859
1.0
0.7148881554603577
0.6996926069259644
0.6185372471809387
0.731621265411377
1.0
0.6726514101028442
0.7034350633621216
1.0
4.1181735799256103e-10
0.6768226623535156
0.9996750354766846
1.0
1.0
1.0
0.6404919028282166
1.0
0.6492449045181274
0.5301942229270935
1.0
0.7219946384429932
0.5226549506187439
0.7135570049285889
1.0
0.5932027101516724
0.9993829727172852
0.8025453090667725
1.0
0.6753427386283875
1.0
0.8284044861793518
0.9998646974563599
0.7744660973548889
0.7872923016548157
0.5751509070396423
0.576474130153656
0.21310031414031982
0.7060558795928955
1.0
1.0
0.24957598745822906
1.0
1.0
0.4179264307022095
0.8350732326507568
0.6274878978729248
0.6959163546562195
1.0
0.7558696866035461
1.0
1.0
1.8637860371104066e-19
0.791858434677124
0.6758257746696472
1.0
0.5201876759529114
1.0
0.748187243938446
0.7725879549980164
0.6207467913627625
3.7505701584450435e-06
0.6259310841560364
0.13801178336143494
5.488893852986993e-18
0.70138019323349
3.785192035569811e-15
0.5779852867126465
0.5620653033256531
0.44723039865493774
1.4638305934801836e-17
0.5902587175369263
0.9999583959579468
0.7182899713516235
0.7911338806152344
0.8666943311691284
1.0
0.6184952855110168
0.6059274673461914
0.5588060617446899
1.0
1.0
1.121023356447139e-16
0.958527684211731
0.9471184015274048
0.886165201663971
1.0
0.272976279258728
1.0
0.5701476335525513
0.9517468214035034
0.5810220241546631
1.0
0.6279512047767639
1.0
0.6753848195075989
0.7135128974914551
0.6863938570022583
0.9999936819076538
0.6534836292266846
1.0
0.670613169670105
0.5590795874595642
1.0
0.48818397521972656
0.8580232262611389
4.767902694879922e-08
0.967441737651825
0.797873854637146
1.0
6.154070728981204e-19
1.0
0.6890627145767212
0.0
0.5201876759529114
0.8022459149360657
0.6404760479927063
0.9391210079193115
0.706725001335144
0.642937421798706
0.650403618812561
0.6378422379493713
0.6651549935340881
0.8854652047157288
0.6768864989280701
1.0
1.0
0.46343955397605896
4.5849952307053243e-11
0.6563999652862549
1.0
0.5708555579185486
0.8227723836898804
0.700318455696106
2.2744361949378344e-10
0.5126224160194397
1.0
1.0
1.0
0.7157675623893738
1.0
0.7054353952407837
0.8499852418899536
0.37923315167427063
0.8956254720687866
0.6015689969062805
0.9999998807907104
9.79239966987241e-34
9.657716091323449e-23
0.13185271620750427
0.029077671468257904
0.12526880204677582
0.32882317900657654
0.7338306903839111
0.6517766714096069
0.9998216032981873
3.607313892040054e-10
0.5100948214530945
0.7420644760131836
0.9344594478607178
1.0
0.6849643588066101
0.651854932308197
1.0
0.9999771118164062
0.9388251304626465
1.0
1.0
0.9225717186927795
0.5201876759529114
1.0
0.5442484617233276
0.30119791626930237
0.269049733877182
1.0
0.7094109058380127
8.082815075547713e-16
0.3609989881515503
1.0
0.6120700836181641
0.6186497211456299
0.99806147813797
1.0
1.0
0.6745973229408264
0.05033259093761444
0.7043994665145874
1.0
0.649811327457428
0.1301312893629074
0.6202169060707092
0.0979670062661171
0.5201876759529114
1.8528609757595405e-09
0.673371434211731
0.5464996695518494
0.5969512462615967
1.0
0.1806841939687729
8.714128724163217e-11
0.5304017663002014
0.9762365221977234
0.9139840006828308
0.6702913641929626
0.9990744590759277
1.0
1.0
1.0
0.9999998807907104
0.9048553109169006
0.6941093802452087
1.0
1.0
1.809791455174299e-31
0.6772578358650208
4.91634466470714e-07
8.24113012640737e-05
1.0
0.4745022654533386
0.8745877146720886
0.6554214358329773
0.8631665110588074
0.9657579064369202
0.9999996423721313
0.5072835683822632
0.5875792503356934
0.5201876759529114
1.0
1.0
0.21265344321727753
1.0
0.6874201893806458
0.9772822856903076
1.0
0.3839404582977295
0.5240070223808289
0.6007970571517944
1.0
1.0
0.875135600566864
1.0
1.0
0.0
1.0
0.633669376373291
0.6390525698661804
8.809304952173136e-10
0.6187064051628113
1.0
0.7847800850868225
5.004733086289015e-11
0.1329307109117508
0.4399051070213318
0.4293246865272522
1.0
0.5703212022781372
1.0
1.0
4.505111510263002e-19
0.70148104429245
0.9999988079071045
0.7889258861541748
1.0
4.053465090692043e-05
8.67940615212337e-12
0.5976964831352234
0.8355275392532349
0.11328596621751785
0.9129683375358582
0.7204813957214355
1.1450976209948822e-16
0.6443741917610168
0.5564273595809937
1.955692926784126e-25
0.9978783130645752
0.6810829043388367
1.0
0.8283752202987671
1.0
0.8436144590377808
0.5605088472366333
0.7213001847267151
0.40396180748939514
1.0
1.0
1.0
0.9260931015014648
0.9999502897262573
0.9607434272766113
0.0
0.6652479767799377
1.0
2.396789838539186e-15
0.858640193939209
0.8867774605751038
0.5382242798805237
1.0
0.5075300335884094
0.6607892513275146
1.0
0.530880868434906
0.4170309007167816
1.0
1.0
0.6920363903045654
0.9464302659034729
0.2025976926088333
0.5437986850738525
0.6474573016166687
0.8033125996589661
0.7602704167366028
0.6471178531646729
0.6001602411270142
1.0
0.8942527770996094
0.5961781144142151
0.39574989676475525
2.2990734294126014e-07
0.9347466230392456
0.6398335099220276
0.7316451072692871
0.76263427734375
7.615889689727151e-12
0.7689213156700134
0.9999998807907104
1.0
0.35556894540786743
0.6506551504135132
1.0
1.0
1.0
1.8382637925469796e-23
3.606971176850493e-06
0.2504250109195709
0.5667712092399597
1.973927508238068e-26
0.9999579191207886
1.0
1.0
0.5521398782730103
0.22632507979869843
1.0
0.909018874168396
0.6566518545150757
1.0
0.9999997615814209
0.708570122718811
0.806281566619873
1.0
0.6541988849639893
1.0
0.22735270857810974
6.793672622293468e-32
1.5120107832444774e-08
1.0
0.9713007807731628
1.0
0.5900212526321411
1.0
1.0
0.493073433637619
0.6368919610977173
1.0
1.8091885628512827e-11
0.6394886374473572
0.7402909994125366
0.751096248626709
1.0
0.8279048204421997
0.0
1.0
1.0
0.39487457275390625
0.63673335313797
0.35292935371398926
2.258437281128221e-25
0.9813020825386047
0.7115386128425598
0.6073926687240601
0.6861475110054016
1.0
1.0
1.0
0.588351845741272
1.0
0.5688194632530212
0.40482160449028015
1.0
1.0
0.656018078327179
0.7795411944389343
1.0
0.8671419620513916
2.8770746212103404e-06
1.0
0.6633180379867554
0.736184298992157
0.8613155484199524
0.5726187229156494
0.42155078053474426
1.0
1.0
0.6511993408203125
2.461202769366011e-11
0.7407076954841614
0.5214502215385437
1.0
0.746817946434021
0.8065197467803955
0.9995139837265015
2.702071812558549e-37
1.0
0.966993510723114
0.6981102228164673
0.9309147596359253
0.6115762591362
0.5901635885238647
1.0
1.0
5.119036305956115e-09
0.01025940291583538
1.0
0.4940537214279175
1.0
0.9766719341278076
0.6529109477996826
0.109597347676754
0.6647881269454956
1.0
1.0
1.0
0.7417662739753723
0.5201876759529114
0.652849555015564
1.0
0.8434518575668335
1.0
0.6375358700752258
0.828981339931488
0.7026700973510742
0.5721752643585205
0.8542624115943909
0.09493902325630188
0.9994195699691772
0.16307994723320007
1.0
1.0
0.6206072568893433
1.0
0.6663864850997925
0.42242366075515747
0.8208770155906677
5.217140964402411e-25
0.7293801307678223
0.37659794092178345
0.7627455592155457
1.0
1.0
1.0
0.6048732399940491
2.890158839363721e-06
0.5496139526367188
1.0
0.5775341987609863
1.0
1.0
1.0
2.423301146813728e-32
1.0
0.9672449827194214
0.0
0.7120939493179321
0.46752414107322693
0.8934698700904846
0.9970300197601318
1.0
0.5106260180473328
1.0
0.5559317469596863
1.0
1.0
0.5699335336685181
3.0906519981441435e-18
1.0
0.4639294147491455
0.9641758799552917
1.0
0.7145875692367554
0.6905778646469116
1.0
0.8913504481315613
0.7194885015487671
1.0
0.6722709536552429
0.7161146998405457
0.7614705562591553
0.5372510552406311
1.0
0.9861781597137451
1.0
0.774335503578186
0.9909706115722656
0.49022024869918823
1.0
0.677830696105957
0.6795337200164795
0.6911564469337463
0.7011202573776245
0.5933468341827393
0.08325478434562683
0.43258342146873474
1.0
0.7457984685897827
3.592857955592166e-11
1.0
0.717377245426178
0.7624346613883972
1.0
0.09227413684129715
0.5739277005195618
0.7612321972846985
0.5153223276138306
1.0
0.6505364179611206
0.24828842282295227
0.7835968732833862
0.19321264326572418
0.5201876759529114
1.0
0.48054954409599304
0.871898353099823
0.8741993308067322
0.8557024002075195
7.667475682149316e-11
0.6532648801803589
0.6298142075538635
0.7255681157112122
0.6340711712837219
0.7761830687522888
1.0
0.8233301043510437
0.9999332427978516
0.2645147144794464
0.6147342920303345
4.3154934487033e-11
0.583712100982666
0.67707359790802
0.8193711638450623
2.4649337889285384e-29
0.6280951499938965
0.3910956382751465
8.226422626096267e-34
1.120493612154856e-23
0.4849703311920166
0.6944872736930847
0.9999375343322754
0.2614268362522125
0.8756362199783325
1.0
4.4294243707554415e-05
0.9098044633865356
9.844345782994424e-08
0.5201876759529114
3.1906028358853856e-22
3.9281789897694513e-14
1.0
0.5201876759529114
0.6517980098724365
0.17254523932933807
1.0
0.8617374897003174
1.0
0.7093851566314697
0.8653034567832947
0.9999707937240601
0.6425085067749023
0.7362165451049805
1.0
0.6389840245246887
0.0
0.7097632884979248
0.5868827104568481
0.3124447464942932
0.47257286310195923
0.7060382962226868
0.5637767910957336
0.5470662713050842
0.664743185043335
1.0
1.0
1.0
0.7138243317604065
0.8472266793251038
0.6913502216339111
0.8583581447601318
0.7641263604164124
0.6982868313789368
0.9973118305206299
0.9999632835388184
0.7518677711486816
1.0
0.8790311217308044
0.0
0.6226681470870972
0.016446493566036224
1.0
0.8136849999427795
1.0
1.0
1.0
0.7667763233184814
1.0
0.6575469374656677
0.9999686479568481
0.7753841280937195
0.16036565601825714
8.64826793370398e-17
0.40405234694480896
0.8468812108039856
0.31861254572868347
0.5284521579742432
0.5664961934089661
1.2024583480758086e-15
1.0
0.3673667907714844
0.6050469279289246
0.5297243595123291
0.6754849553108215
1.0
0.6646707057952881
0.671037495136261
0.6385596394538879
1.0
1.0
0.34406206011772156
0.5612381100654602
1.0
1.0
1.0
0.6410326361656189
1.0
1.0
0.38775062561035156
1.0
0.5201876759529114
0.8174338936805725
1.0
1.0
0.6522446870803833
0.9997434020042419
0.2737436592578888
0.29972442984580994
0.835900068283081
0.649665355682373
2.7123784419626003e-22
1.0
0.8859596848487854
